-1
-1
-1
-1
-1
-1
-1
32767
4088
-7681
7224
-7289
7280
-15474
14449
1806
224
-32740
28899
-29156
29123
3640
-7737
-968
-121
-1
-1
-1
-1
-1
-1
-1
-1
-1
-1
-1
-1
-1
-1
32767
4088
-7681
7224
-7289
7280
-15474
14449
1806
224
-32740
28899
-29156
29123
3640
-7737
-968
-121
-1
-1
-1
-1
-1
-1
-1
-1
-1
-1
-1
-1
-1
-1
32767
4088
-7681
7224
-7289
7280
-15474
14449
1806
224
-32740
28899
-29156
29123
3640
-7737
-968
-121
-1
-1
-1
-1
-1
-1
-1
-1
-1
-1
-1
-1793
-225
28899
-29156
29123
3640
-7737
7224
896
0
0
0
-16384
3
0
0
3584
29120
3640
-7737
7224
-7289
-912
-113
-1
-1
-1
-1
-1
-1
-1
-1
-1793
-225
28899
-29156
29123
3640
-7737
7224
896
0
0
0
-16384
3
0
0
3584
29120
3640
-7737
7224
-7289
-912
-113
-1
-1
-1
-1
-1
-1
-1
-1
-1793
-225
28899
-29156
29123
3640
-7737
7224
896
0
0
0
-16384
3
0
0
3584
29120
3640
-7737
7224
-7289
-912
-113
-1
-1
-1
-1
-1
-1
-1
-1
-1
-1
-1
-1
-1
-57
8184
-7289
7280
-15474
14449
-14578
-1823
-30973
28899
-29156
29123
3640
-57
8184
-1
-1
-1
-1
-1
-1
-1
-1
-1
-1
-1
-1
-1
-1
-1
-1
-1
-57
8184
-7289
7280
-15474
14449
-14578
-1823
-30973
28899
-29156
29123
3640
-57
8184
-1
-1
-1
-1
-1
-1
-1
-1
-1
-1
-1
-1
-1
-1
-1
-1
-1
-57
8184
-7289
7280
-15474
14449
-14578
-1823
-30973
28899
-29156
29123
3640
-57
8184
-1
-1
-1
-1
-1
-1
-1
-1
-1
-1
-1
-1
-1
-30721
28927
-29156
29123
3640
-7737
7224
-8185
7168
896
0
14336
30
0
224
-32740
29123
3640
-7737
7224
-121
8176
-2
-1
-1
-1
-1
-1
-1
-1
-1
-1
-30721
28927
-29156
29123
3640
-7737
7224
-8185
7168
896
0
14336
30
0
224
-32740
29123
3640
-7737
7224
-121
8176
-2
-1
-1
-1
-1
-1
-1
-1
-1
-1
-30721
28927
-29156
29123
3640
-7737
7224
-8185
7168
896
0
14336
30
0
224
-32740
29123
3640
-7737
7224
-121
8176
-2
-1
-1
-1
-1
-1
-1
-1
-1
-1
-28673
29183
-29124
29127
3640
-7737
7224
-8185
7168
896
0
14336
30
0
480
-32740
29123
3640
-7737
7224
-113
16369
-2
-1
-1
-1
-1
-1
-1
-1
-1
-1
-1
-1
-1
4095
-7681
7224
-7289
7280
-15474
14449
1792
14560
-32738
28675
-28676
29123
3640
-7737
-961
-121
-1
-1
-1
-1
-1
-1
-1
-1
-1
-1
-1
-1
-1
-1
-1
4095
-7681
7224
-7289
7280
-15474
14449
1792
14560
-32738
28675
-28676
29123
3640
-7737
-961
-121
-1
-1
-1
-1
-1
-1
-1
-1
-1
-1
-1
-1
-1
-1
-1
4095
-7681
7224
-7289
7280
-15474
14449
1792
14560
-32738
28675
-28676
29123
3640
-7737
-961
-121
-1
-1
-1
-1
-1
-1
-1
-1
-1
-1
-1
-1793
-225
28899
-29156
29123
3640
-7737
7224
896
112
0
0
14336
224
0
29180
3584
29120
3640
-7737
7224
-7289
-912
-113
-15
-1
-1
-1
-1
-1
-1
-1
-1793
-225
28899
-29156
29123
3640
-7737
7224
896
112
0
0
14336
224
0
29180
3584
29120
3640
-7737
7224
-7289
-912
-113
-15
-1
-1
-1
-1
-1
-1
-1
-1793
-225
28899
-29156
29123
3640
-7737
7224
896
112
0
0
14336
224
0
29180
3584
29120
3640
-7737
7224
-7289
-912
-113
-15
-1
-1
-1
-1
-1
-1
-1
-1
-1
-1
-1
-449
-57
8184
-7289
7280
-15474
14449
-14578
-1807
-30749
28899
-28676
29123
3640
-7737
8184
-1
-1
-1
-1
-1
-1
-1
-1
-1
-1
-1
-1
-1
-1
-1
-1
-449
-57
8184
-7289
7280
-15474
14449
-14578
-1807
-30749
28899
-28676
29123
3640
-7737
8184
-1
-1
-1
-1
-1
-1
-1
-1
-1
-1
-1
-1
-1
-1
-1
-1
-449
-57
8184
-7289
7280
-15474
14449
-14578
-1807
-30749
28899
-28676
29123
3640
-7737
8184
-1
-1
-1
-1
-1
-1
-1
-1
-1
-1
-1
-1
16383
-30724
28927
-29156
29123
3640
-7737
7224
-8185
7168
0
0
-2048
1795
0
508
-32740
29123
3640
-7737
7224
-7289
8176
-15362
-1
-1
-1
-1
-1
-1
-1
-1
16383
-30724
28927
-29156
29123
3640
-7737
7224
-8185
7168
0
0
-2048
1795
0
508
-32740
29123
3640
-7737
7224
-7289
8176
-15362
-1
-1
-1
-1
-1
-1
-1
-1
16383
-30724
28927
-29156
29123
3640
-7737
7224
-8185
7168
0
0
-2048
1795
0
508
-32740
29123
3640
-7737
7224
-7289
8176
-15362
-1
-1
-1
-1
-1
-1
-1
-1
32767
-28676
29183
-29124
29123
3640
-7737
7224
-8185
7168
0
0
-2048
1795
0
508
-32740
29123
3640
-7737
7224
-7289
16369
-14338
-1
-1
-1
-1
-1
-1
-1
-1
-1
-1
-1
32767
4088
-7681
7224
-7289
7280
-15474
14449
1792
-1808
-30973
28675
-28676
29123
3640
-7737
-968
-121
-16
-1
-1
-1
-1
-1
-1
-1
-1
-1
-1
-1
-1
-1
32767
4088
-7681
7224
-7289
7280
-15474
14449
1792
-1808
-30973
28675
-28676
29123
3640
-7737
-968
-121
-16
-1
-1
-1
-1
-1
-1
-1
-1
-1
-1
-1
-1
-1
32767
4088
-7681
7224
-7289
7280
-15474
14449
1792
-1808
-30973
28675
-28676
29123
3640
-7737
-968
-121
-16
-1
-1
-1
-1
-1
-1
-1
-1
-1
-1
-1793
-30945
28899
-29156
29123
3640
-7737
7168
896
0
0
0
-16
1823
0
508
3584
448
3640
-7737
7224
-7289
-912
-113
-15
-1
-1
-1
-1
-1
-1
-1
-1793
-30945
28899
-29156
29123
3640
-7737
7168
896
0
0
0
-16
1823
0
508
3584
448
3640
-7737
7224
-7289
-912
-113
-15
-1
-1
-1
-1
-1
-1
-1
-1793
-30945
28899
-29156
29123
3640
-7737
7168
896
0
0
0
-16
1823
0
508
3584
448
3640
-7737
7224
-7289
-912
-113
-15
-1
-1
-1
-1
-1
-1
-1
-1
-1
-1
-1
-1
-57
7224
-7289
7280
-15474
14449
-14450
-2017
-30945
28899
-28676
29123
3640
-57
8184
-1
-1
-1
-1
-1
-1
-1
-1
-1
-1
-1
-1
-1
-1
-1
-1
-1
-57
7224
-7289
7280
-15474
14449
-14450
-2017
-30945
28899
-28676
29123
3640
-57
8184
-1
-1
-1
-1
-1
-1
-1
-1
-1
-1
-1
-1
-1
-1
-1
-1
-1
-57
7224
-7289
7280
-15474
14449
-14450
-2017
-30945
28899
-28676
29123
3640
-57
8184
-1
-1
-1
-1
-1
-1
-1
-1
-1
-1
-1
-1
16383
-30724
28927
-29156
29123
3640
-7737
7224
-8185
0
0
-16384
-2047
1823
0
508
-32740
29123
3640
-7737
7224
-7289
8176
-2
-1
-1
-1
-1
-1
-1
-1
-1
16383
-30724
28927
-29156
29123
3640
-7737
7224
-8185
0
0
-16384
-2047
1823
0
508
-32740
29123
3640
-7737
7224
-7289
8176
-2
-1
-1
-1
-1
-1
-1
-1
-1
16383
-30724
28927
-29156
29123
3640
-7737
7224
-8185
0
0
-16384
-2047
1823
0
508
-32740
29123
3640
-7737
7224
-7289
8176
-2
-1
-1
-1
-1
-1
-1
-1
-1
32767
-28676
29183
-29156
29123
3640
-7737
7224
-8185
0
0
-16384
-2047
1823
0
508
-32740
29123
3640
-7737
7224
-7289
16369
-2
-1
-1
-1
-1
-1
-1
-1
-1
-1
-1
-1
32707
4088
-7737
7224
-7289
7280
-15474
14449
16270
-256
-30945
28899
-28676
29123
3640
-7737
7224
-121
-16
-1
-1
-1
-1
-1
-1
-1
-1
-1
-1
-1
-1
-1
32707
4088
-7737
7224
-7289
7280
-15474
14449
16270
-256
-30945
28899
-28676
29123
3640
-7737
7224
-121
-16
-1
-1
-1
-1
-1
-1
-1
-1
-1
-1
-1
-1
-1
32707
4088
-7737
7224
-7289
7280
-15474
14449
16270
-256
-30945
28899
-28676
29123
3640
-7737
7224
-121
-16
-1
-1
-1
-1
-1
-1
-1
-1
-1
-14337
-1793
-30945
28899
-29156
29123
3640
-7737
7168
0
0
0
254
-2
1795
0
508
0
448
3640
-7737
7224
-7289
7280
-114
-15
-1
-1
-1
-1
-1
-1
-14337
-1793
-30945
28899
-29156
29123
3640
-7737
7168
0
0
0
254
-2
1795
0
508
0
448
3640
-7737
7224
-7289
7280
-114
-15
-1
-1
-1
-1
-1
-1
-14337
-1793
-30945
28899
-29156
29123
3640
-7737
7168
0
0
0
254
-2
1795
0
508
0
448
3640
-7737
7224
-7289
7280
-114
-15
-1
-1
-1
-1
-1
-1
-1
-1
-1
-1
-1
-449
-7737
7224
-7289
7280
-15474
-1935
-2047
16383
-2048
28899
-28676
29123
3640
-7737
8184
-7169
-1
-1
-1
-1
-1
-1
-1
-1
-1
-1
-1
-1
-1
-1
-1
-449
-7737
7224
-7289
7280
-15474
-1935
-2047
16383
-2048
28899
-28676
29123
3640
-7737
8184
-7169
-1
-1
-1
-1
-1
-1
-1
-1
-1
-1
-1
-1
-1
-1
-1
-449
-7737
7224
-7289
7280
-15474
-1935
-2047
16383
-2048
28899
-28676
29123
3640
-7737
8184
-7169
-1
-1
-1
-1
-1
-1
-1
-1
-1
-1
-1
16383
-30724
28899
-29156
29123
3640
-7737
56
-8185
0
15360
0
0
30974
0
508
-32740
28675
3640
-7737
7224
-7289
8176
-15362
-1
-1
-1
-1
-1
-1
-1
-1
16383
-30724
28899
-29156
29123
3640
-7737
56
-8185
0
15360
0
0
30974
0
508
-32740
28675
3640
-7737
7224
-7289
8176
-15362
-1
-1
-1
-1
-1
-1
-1
-1
16383
-30724
28899
-29156
29123
3640
-7737
56
-8185
0
15360
0
0
30974
0
508
-32740
28675
3640
-7737
7224
-7289
8176
-15362
-1
-1
-1
-1
-1
-1
-1
-1
32767
-28676
29155
-29156
29123
3640
-7737
56
-8185
0
15360
0
0
30974
0
508
-32740
28675
3640
-7737
7224
-7289
16368
-14338
-1
-1
-1
-1
-1
-1
-1
-1
-1
-1
-1
32707
3640
-7737
7224
-7289
7280
-15474
15473
0
-256
-1793
28899
-28676
29123
3640
-7737
7224
-121
8176
-2
-1
-1
-1
-1
-1
-1
-1
-1
-1
-1
-1
-1
32707
3640
-7737
7224
-7289
7280
-15474
15473
0
-256
-1793
28899
-28676
29123
3640
-7737
7224
-121
8176
-2
-1
-1
-1
-1
-1
-1
-1
-1
-1
-1
-1
-1
32707
3640
-7737
7224
-7289
7280
-15474
15473
0
-256
-1793
28899
-28676
29123
3640
-7737
7224
-121
8176
-2
-1
-1
-1
-1
-1
-1
-1
16383
-14338
14591
-30948
28899
-29156
29123
3640
-7737
7168
0
0
16256
-2
-16353
30975
0
508
0
448
56
-7737
7224
-7289
7280
-15474
16369
-2
-1
-1
-1
-1
16383
-14338
14591
-30948
28899
-29156
29123
3640
-7737
7168
0
0
16256
-2
-16353
30975
0
508
0
448
56
-7737
7224
-7289
7280
-15474
16369
-2
-1
-1
-1
-1
16383
-14338
14591
-30948
28899
-29156
29123
3640
-7737
7168
0
0
16256
-2
-16353
30975
0
508
0
448
56
-7737
7224
-7289
7280
-15474
16369
-2
-1
-1
-1
-1
-1
-1
-1
-1
-1
-3585
-449
-57
7224
-7289
7280
-15474
2033
-2
2047
-1824
28899
-28676
29123
3640
-7737
7224
-7169
-1
-1
-1
-1
-1
-1
-1
-1
-1
-1
-1
-1
-1
-1
-3585
-449
-57
7224
-7289
7280
-15474
2033
-2
2047
-1824
28899
-28676
29123
3640
-7737
7224
-7169
-1
-1
-1
-1
-1
-1
-1
-1
-1
-1
-1
-1
-1
-1
-3585
-449
-57
7224
-7289
7280
-15474
2033
-2
2047
-1824
28899
-28676
29123
3640
-7737
7224
-7169
-1
-1
-1
-1
-1
-1
-1
-1
-1
-1
-1
16353
-30724
28899
-29156
29123
3640
-7737
56
-121
-1
-14337
-1
-1
30723
3840
508
-32708
28675
3640
-7737
7224
-7289
7280
-15362
-1921
-1
-1
-1
-1
-1
-1
-1
16353
-30724
28899
-29156
29123
3640
-7737
56
-121
-1
-14337
-1
-1
30723
3840
508
-32708
28675
3640
-7737
7224
-7289
7280
-15362
-1921
-1
-1
-1
-1
-1
-1
-1
16353
-30724
28899
-29156
29123
3640
-7737
56
-121
-1
-14337
-1
-1
30723
3840
508
-32708
28675
3640
-7737
7224
-7289
7280
-15362
-1921
-1
-1
-1
-1
-1
-1
-1
32739
-28676
29155
-29156
29123
3640
-7737
56
-121
-1
-15361
-1
-1
30723
1792
508
-32740
28675
3640
-7737
7224
-7289
15473
-14338
-1793
-1
-1
-1
-1
-1
-1
-1
-1
-1
-1
32707
4088
-7737
7224
-7289
1016
0
-16272
-1
-1
-2017
28899
-28676
29123
3640
-7737
7224
-121
-16
-1
-1
-1
-1
-1
-1
-1
-1
-1
-1
-1
-1
-1
32707
4088
-7737
7224
-7289
1016
0
-16272
-1
-1
-2017
28899
-28676
29123
3640
-7737
7224
-121
-16
-1
-1
-1
-1
-1
-1
-1
-1
-1
-1
-1
-1
-1
32707
4088
-7737
7224
-7289
1016
0
-16272
-1
-1
-2017
28899
-28676
29123
3640
-7737
7224
-121
-16
-1
-1
-1
-1
-1
-1
-1
-1
-1
-14337
-1793
-30945
28899
-29156
29123
3640
-8185
7168
120
0
-1010
-1
-1
-16129
3
508
0
448
3640
-7737
7224
-7289
7280
-114
16369
-2
-1
-1
-1
-1
-1
-14337
-1793
-30945
28899
-29156
29123
3640
-8185
7168
120
0
-1010
-1
-1
-16129
3
508
0
448
3640
-7737
7224
-7289
7280
-114
16369
-2
-1
-1
-1
-1
-1
-14337
-1793
-30945
28899
-29156
29123
3640
-8185
7168
120
0
-1010
-1
-1
-16129
3
508
0
448
3640
-7737
7224
-7289
7280
-114
16369
-2
-1
-1
-1
-1
-1
-1
-1
-1
-1
-3585
-449
-7737
7224
-7289
120
0
-114
-1
-1
-14337
28899
-28676
29123
3640
-7737
7224
-7169
-1
-1
-1
-1
-1
-1
-1
-1
-1
-1
-1
-1
-1
-1
-3585
-449
-7737
7224
-7289
120
0
-114
-1
-1
-14337
28899
-28676
29123
3640
-7737
7224
-7169
-1
-1
-1
-1
-1
-1
-1
-1
-1
-1
-1
-1
-1
-1
-3585
-449
-7737
7224
-7289
120
0
-114
-1
-1
-14337
28899
-28676
29123
3640
-7737
7224
-7169
-1
-1
-1
-1
-1
-1
-1
-1
-1
-1
-241
16353
-30724
28899
-29156
29123
3640
-7737
56
903
0
-16384
-1
-1
-14337
3871
508
-32708
28675
3640
-7737
7224
-7289
7280
-15474
-1921
-1
-1
-1
-1
-1
-1
-241
16353
-30724
28899
-29156
29123
3640
-7737
56
903
0
-16384
-1
-1
-14337
3871
508
-32708
28675
3640
-7737
7224
-7289
7280
-15474
-1921
-1
-1
-1
-1
-1
-1
-241
16353
-30724
28899
-29156
29123
3640
-7737
56
903
0
-16384
-1
-1
-14337
3871
508
-32708
28675
3640
-7737
7224
-7289
7280
-15474
-1921
-1
-1
-1
-1
-1
-1
-225
32739
-28676
28899
-29156
29123
3640
-7737
56
903
0
-16384
-1
-1
-14337
3871
508
-32740
28675
3640
-7737
7224
-7289
15472
-14450
-1793
-1
-1
-1
-1
-1
-1
-1
-1
-1
-481
32707
3640
-7737
7224
-7289
-912
1
0
-2048
-1
-14337
32739
-28676
29123
3640
-7737
7224
-7289
8176
-2
-1
-1
-1
-1
-1
-1
-1
-1
-1
-1
-1
-481
32707
3640
-7737
7224
-7289
-912
1
0
-2048
-1
-14337
32739
-28676
29123
3640
-7737
7224
-7289
8176
-2
-1
-1
-1
-1
-1
-1
-1
-1
-1
-1
-1
-481
32707
3640
-7737
7224
-7289
-912
1
0
-2048
-1
-14337
32739
-28676
29123
3640
-7737
7224
-7289
8176
-2
-1
-1
-1
-1
-1
-1
-1
16383
-14338
14591
-30948
28899
-29156
29123
56
-8185
0
896
1023
0
0
-2048
-16129
-32765
511
3584
0
56
-7737
7224
-7289
7280
-15474
16369
-2
-1
-1
-1
-1
16383
-14338
14591
-30948
28899
-29156
29123
56
-8185
0
896
1023
0
0
-2048
-16129
-32765
511
3584
0
56
-7737
7224
-7289
7280
-15474
16369
-2
-1
-1
-1
-1
16383
-14338
14591
-30948
28899
-29156
29123
56
-8185
0
896
1023
0
0
-2048
-16129
-32765
511
3584
0
56
-7737
7224
-7289
7280
-15474
16369
-2
-1
-1
-1
-1
-1
-1
-1
-1
-1
-3585
3647
-7737
7224
-7289
7280
-114
1
0
0
-16384
3
-28676
29123
3640
-7737
7224
-7169
-897
-1
-1
-1
-1
-1
-1
-1
-1
-1
-1
-1
-1
-1
-3585
3647
-7737
7224
-7289
7280
-114
1
0
0
-16384
3
-28676
29123
3640
-7737
7224
-7169
-897
-1
-1
-1
-1
-1
-1
-1
-1
-1
-1
-1
-1
-1
-3585
3647
-7737
7224
-7289
7280
-114
1
0
0
-16384
3
-28676
29123
3640
-7737
7224
-7169
-897
-1
-1
-1
-1
-1
-1
-1
-1
-1
-1
16353
-30948
28899
-29156
29123
3640
455
56
-8185
-1023
2047
0
0
0
0
4092
-32708
28675
3584
-7737
7224
-7289
7280
-15362
-1921
-1
-1
-1
-1
-1
-1
-1
16353
-30948
28899
-29156
29123
3640
455
56
-8185
-1023
2047
0
0
0
0
4092
-32708
28675
3584
-7737
7224
-7289
7280
-15362
-1921
-1
-1
-1
-1
-1
-1
-1
16353
-30948
28899
-29156
29123
3640
455
56
-8185
-1023
2047
0
0
0
0
4092
-32708
28675
3584
-7737
7224
-7289
7280
-15362
-1921
-1
-1
-1
-1
-1
-1
-1
32739
-28900
28899
-29156
29123
3640
455
56
-8185
-1024
2047
0
0
0
0
4092
-32740
28675
3584
-7737
7224
-7289
15472
-14338
-1793
-1
-1
-1
-1
-1
-1
-1
-1
-1
-481
32707
3640
-7737
7224
-7289
7280
-7282
-15
2047
0
0
0
-28676
29123
3640
-7737
7224
-121
8176
-2
-1
-1
-1
-1
-1
-1
-1
-1
-1
-1
-1
-481
32707
3640
-7737
7224
-7289
7280
-7282
-15
2047
0
0
0
-28676
29123
3640
-7737
7224
-121
8176
-2
-1
-1
-1
-1
-1
-1
-1
-1
-1
-1
-1
-481
32707
3640
-7737
7224
-7289
7280
-7282
-15
2047
0
0
0
-28676
29123
3640
-7737
7224
-121
8176
-2
-1
-1
-1
-1
-1
-1
-1
16369
-14338
14561
-30948
28899
-29156
29123
3640
-8185
7168
896
-8080
-15
-1
2047
0
0
32764
3584
448
56
-7737
7224
-7289
7280
-15474
16369
-14338
-1
-1
-1
-1
16369
-14338
14561
-30948
28899
-29156
29123
3640
-8185
7168
896
-8080
-15
-1
2047
0
0
32764
3584
448
56
-7737
7224
-7289
7280
-15474
16369
-14338
-1
-1
-1
-1
16369
-14338
14561
-30948
28899
-29156
29123
3640
-8185
7168
896
-8080
-15
-1
2047
0
0
32764
3584
448
56
-7737
7224
-7289
7280
-15474
16369
-14338
-1
-1
-1
-1
-1
-1
-1
-1
-28673
-3585
3647
-7737
7224
-7289
7280
-7282
-15
-127
-1
-1
-1
-28673
29123
3640
-7737
7224
-7289
-897
-1
-1
-1
-1
-1
-1
-1
-1
-1
-1
-1
-1
-28673
-3585
3647
-7737
7224
-7289
7280
-7282
-15
-127
-1
-1
-1
-28673
29123
3640
-7737
7224
-7289
-897
-1
-1
-1
-1
-1
-1
-1
-1
-1
-1
-1
-1
-28673
-3585
3647
-7737
7224
-7289
7280
-7282
-15
-127
-1
-1
-1
-28673
29123
3640
-7737
7224
-7289
-897
-1
-1
-1
-1
-1
-1
-1
-1
-1
-241
14561
-30948
28899
-29156
29123
3640
448
56
-8185
-1023
-15
-127
2047
-14338
3843
508
-32708
28679
3584
-7737
7224
-7289
7280
-15474
-1921
-241
-1
-1
-1
-1
-1
-241
14561
-30948
28899
-29156
29123
3640
448
56
-8185
-1023
-15
-127
2047
-14338
3843
508
-32708
28679
3584
-7737
7224
-7289
7280
-15474
-1921
-241
-1
-1
-1
-1
-1
-241
14561
-30948
28899
-29156
29123
3640
448
56
-8185
-1023
-15
-127
2047
-14338
3843
508
-32708
28679
3584
-7737
7224
-7289
7280
-15474
-1921
-241
-1
-1
-1
-1
-1
-225
30947
-28900
28899
-29156
29123
3640
448
56
-8185
-1024
-15
-127
2047
-14338
1795
508
-32740
28675
3584
-7737
7224
-7289
7280
-14450
-1793
-225
-1
-1
-1
-1
-1
-1
-1
-1
-481
29123
3640
-7737
7224
-7289
7280
-7282
-15
-1
-1
-14337
28899
-28676
29123
3640
-7737
7224
-7289
8176
-15362
-1
-1
-1
-1
-1
-1
-1
-1
-1
-1
-1
-481
29123
3640
-7737
7224
-7289
7280
-7282
-15
-1
-1
-14337
28899
-28676
29123
3640
-7737
7224
-7289
8176
-15362
-1
-1
-1
-1
-1
-1
-1
-1
-1
-1
-1
-481
29123
3640
-7737
7224
-7289
7280
-7282
-15
-1
-1
-14337
28899
-28676
29123
3640
-7737
7224
-7289
8176
-15362
-1
-1
-1
-1
-1
-1
-1
16369
-14578
14561
-30948
28899
-29156
29123
56
-8185
7168
896
-8080
-15
-1
-1
-14337
-32737
29183
3584
448
56
-8185
7224
-7289
7280
-15474
16369
-14338
-1
-1
-1
-1
16369
-14578
14561
-30948
28899
-29156
29123
56
-8185
7168
896
-8080
-15
-1
-1
-14337
-32737
29183
3584
448
56
-8185
7224
-7289
7280
-15474
16369
-14338
-1
-1
-1
-1
16369
-14578
14561
-30948
28899
-29156
29123
56
-8185
7168
896
-8080
-15
-1
-1
-14337
-32737
29183
3584
448
56
-8185
7224
-7289
7280
-15474
16369
-14338
-1
-1
-1
-1
-1
-1
-1
-1
-28673
-3585
3647
-7737
7224
-7289
7280
-7282
-15
-1
-1
-14337
30947
-28676
29123
3640
-7737
7224
-7169
-897
-1
-1
-1
-1
-1
-1
-1
-1
-1
-1
-1
-1
-28673
-3585
3647
-7737
7224
-7289
7280
-7282
-15
-1
-1
-14337
30947
-28676
29123
3640
-7737
7224
-7169
-897
-1
-1
-1
-1
-1
-1
-1
-1
-1
-1
-1
-1
-28673
-3585
3647
-7737
7224
-7289
7280
-7282
-15
-1
-1
-14337
30947
-28676
29123
3640
-7737
7224
-7169
-897
-1
-1
-1
-1
-1
-1
-1
-1
-1921
-241
16353
-30948
28899
-29156
29123
3640
-7737
7224
-7281
15473
-16272
-1
-1
1795
-28900
29183
-29124
29123
3640
-7737
7224
-7289
7280
-15474
-1921
-1
-1
-1
-1
-1
-1921
-241
16353
-30948
28899
-29156
29123
3640
-7737
7224
-7281
15473
-16272
-1
-1
1795
-28900
29183
-29124
29123
3640
-7737
7224
-7289
7280
-15474
-1921
-1
-1
-1
-1
-1
-1921
-241
16353
-30948
28899
-29156
29123
3640
-7737
7224
-7281
15473
-16272
-1
-1
1795
-28900
29183
-29124
29123
3640
-7737
7224
-7289
7280
-15474
-1921
-1
-1
-1
-1
-1
-1793
-225
32739
-30948
28899
-29156
29123
3640
-7737
7224
-7289
15472
-16272
-1
-1
1793
-28900
29183
-29156
29123
3640
-7737
7224
-7289
7280
-14450
-1793
-1
-1
-1
-1
-1
-1
-1
-1
-3841
-481
29123
3640
-7737
7224
-7289
7280
16270
112
0
0
1792
30972
-28676
29123
3640
-7737
7224
-7289
7280
-15362
-1
-1
-1
-1
-1
-1
-1
-1
-1
-1
-3841
-481
29123
3640
-7737
7224
-7289
7280
16270
112
0
0
1792
30972
-28676
29123
3640
-7737
7224
-7289
7280
-15362
-1
-1
-1
-1
-1
-1
-1
-1
-1
-1
-3841
-481
29123
3640
-7737
7224
-7289
7280
16270
112
0
0
1792
30972
-28676
29123
3640
-7737
7224
-7289
7280
-15362
-1
-1
-1
-1
-1
-1
-1
16369
-14338
14561
-30948
28899
-29156
451
7736
-8185
7288
-7296
15473
1920
0
0
224
-32740
29183
-29184
455
7736
-8185
7224
-7289
7280
-15474
14449
-14338
-1
-1
-1
-1
16369
-14338
14561
-30948
28899
-29156
451
7736
-8185
7288
-7296
15473
1920
0
0
224
-32740
29183
-29184
455
7736
-8185
7224
-7289
7280
-15474
14449
-14338
-1
-1
-1
-1
16369
-14338
14561
-30948
28899
-29156
451
7736
-8185
7288
-7296
15473
1920
0
0
224
-32740
29183
-29184
455
7736
-8185
7224
-7289
7280
-15474
14449
-14338
-1
-1
-1
-1
-1
-1
-1
-1
-28673
29183
3640
-7737
7224
-7289
7280
16271
1920
-2048
31
224
30972
-28676
29123
3640
-7737
7224
-7289
-897
-113
-1
-1
-1
-1
-1
-1
-1
-1
-1
-1
-1
-28673
29183
3640
-7737
7224
-7289
7280
16271
1920
-2048
31
224
30972
-28676
29123
3640
-7737
7224
-7289
-897
-113
-1
-1
-1
-1
-1
-1
-1
-1
-1
-1
-1
-28673
29183
3640
-7737
7224
-7289
7280
16271
1920
-2048
31
224
30972
-28676
29123
3640
-7737
7224
-7289
-897
-113
-1
-1
-1
-1
-1
-1
-1
-1921
-241
14561
-30948
28899
-29156
29123
3640
-7737
7288
-7281
1009
2032
0
0
2016
-28704
29183
-29124
29127
3640
-7737
7224
-7289
7280
-15474
-1921
-241
-1
-1
-1
-1
-1921
-241
14561
-30948
28899
-29156
29123
3640
-7737
7288
-7281
1009
2032
0
0
2016
-28704
29183
-29124
29127
3640
-7737
7224
-7289
7280
-15474
-1921
-241
-1
-1
-1
-1
-1921
-241
14561
-30948
28899
-29156
29123
3640
-7737
7288
-7281
1009
2032
0
0
2016
-28704
29183
-29124
29127
3640
-7737
7224
-7289
7280
-15474
-1921
-241
-1
-1
-1
-1
-1793
-225
14563
-30948
28899
-29156
29123
3640
-7737
7224
-7289
1008
2032
0
0
2016
-28704
29183
-29156
29123
3640
-7737
7224
-7289
7280
-15474
-1793
-225
-1
-1
-1
-1
-1
-1
-30721
-3841
-29153
29123
3640
-7737
7224
-7289
7280
910
15486
0
0
32766
30944
-28676
29123
3640
-7737
7224
-7289
7280
-15362
-1921
-1
-1
-1
-1
-1
-1
-1
-1
-30721
-3841
-29153
29123
3640
-7737
7224
-7289
7280
910
15486
0
0
32766
30944
-28676
29123
3640
-7737
7224
-7289
7280
-15362
-1921
-1
-1
-1
-1
-1
-1
-1
-1
-30721
-3841
-29153
29123
3640
-7737
7224
-7289
7280
910
15486
0
0
32766
30944
-28676
29123
3640
-7737
7224
-7289
7280
-15362
-1921
-1
-1
-1
-1
-1
-113
16369
-14578
14561
-30948
28899
-29156
-3645
56
-7225
7168
911
-7184
16271
0
0
-2
-28701
29183
3644
-3648
56
-7225
7168
-7289
7280
-15474
14449
-14578
-1793
-1
-1
-113
16369
-14578
14561
-30948
28899
-29156
-3645
56
-7225
7168
911
-7184
16271
0
0
-2
-28701
29183
3644
-3648
56
-7225
7168
-7289
7280
-15474
14449
-14578
-1793
-1
-1
-113
16369
-14578
14561
-30948
28899
-29156
-3645
56
-7225
7168
911
-7184
16271
0
0
-2
-28701
29183
3644
-3648
56
-7225
7168
-7289
7280
-15474
14449
-14578
-1793
-1
-1
-1
-1
-1
-1
32767
-28676
29183
3640
-7737
7224
-7289
7280
-7282
16369
0
0
-2
30947
-28676
29123
3640
-7737
7224
-7289
-912
-113
-1
-1
-1
-1
-1
-1
-1
-1
-1
-1
32767
-28676
29183
3640
-7737
7224
-7289
7280
-7282
16369
0
0
-2
30947
-28676
29123
3640
-7737
7224
-7289
-912
-113
-1
-1
-1
-1
-1
-1
-1
-1
-1
-1
32767
-28676
29183
3640
-7737
7224
-7289
7280
-7282
16369
0
0
-2
30947
-28676
29123
3640
-7737
7224
-7289
-912
-113
-1
-1
-1
-1
-1
-1
-1
-1921
-14577
14561
-30948
28899
-29156
29123
3640
-7737
7224
-7281
-7183
16369
0
0
32766
-28676
29183
-29124
-3641
3640
-7737
7224
-7289
7280
-15474
-1935
-241
-31
-1
-1
-1
-1921
-14577
14561
-30948
28899
-29156
29123
3640
-7737
7224
-7281
-7183
16369
0
0
32766
-28676
29183
-29124
-3641
3640
-7737
7224
-7289
7280
-15474
-1935
-241
-31
-1
-1
-1
-1921
-14577
14561
-30948
28899
-29156
29123
3640
-7737
7224
-7281
-7183
16369
0
0
32766
-28676
29183
-29124
-3641
3640
-7737
7224
-7289
7280
-15474
-1935
-241
-31
-1
-1
-1
-1793
-14561
30947
-30948
28899
-29156
29123
3640
-7737
7224
-7289
-7184
16369
0
0
32766
-28676
29183
-29156
29123
3640
-7737
7224
-7289
7280
-14450
-1807
-225
-29
-1
-1
-1
-1
-1
-1
-3841
-29153
29123
3640
-7737
7224
-7289
7280
-7282
-15
1
-16384
32767
30972
-28676
29123
3640
-7737
7224
-7289
7280
-15362
-1
-1
-1
-1
-1
-1
-1
-1
-1
-1
-3841
-29153
29123
3640
-7737
7224
-7289
7280
-7282
-15
1
-16384
32767
30972
-28676
29123
3640
-7737
7224
-7289
7280
-15362
-1
-1
-1
-1
-1
-1
-1
-1
-1
-1
-3841
-29153
29123
3640
-7737
7224
-7289
7280
-7282
-15
1
-16384
32767
30972
-28676
29123
3640
-7737
7224
-7289
7280
-15362
-1
-1
-1
-1
-1
-1
-113
16369
-14578
14561
-30948
28899
-29156
-3645
7736
-7225
7288
-7281
-7183
-15
1
-16384
-1
-28701
29183
-29124
-3641
7736
-7225
7224
-7289
7280
-15474
14449
-14338
-1793
-1
-1
-113
16369
-14578
14561
-30948
28899
-29156
-3645
7736
-7225
7288
-7281
-7183
-15
1
-16384
-1
-28701
29183
-29124
-3641
7736
-7225
7224
-7289
7280
-15474
14449
-14338
-1793
-1
-1
-113
16369
-14578
14561
-30948
28899
-29156
-3645
7736
-7225
7288
-7281
-7183
-15
1
-16384
-1
-28701
29183
-29124
-3641
7736
-7225
7224
-7289
7280
-15474
14449
-14338
-1793
-1
-1
-1
-1
-1
-1
32739
-28676
29183
3640
-7737
7224
-7289
7280
-7281
-15
15
-2048
-1
32515
-28676
29123
3640
-7737
7224
-7289
-912
-113
-1
-1
-1
-1
-1
-1
-1
-1
-1
-1
32739
-28676
29183
3640
-7737
7224
-7289
7280
-7281
-15
15
-2048
-1
32515
-28676
29123
3640
-7737
7224
-7289
-912
-113
-1
-1
-1
-1
-1
-1
-1
-1
-1
-1
32739
-28676
29183
3640
-7737
7224
-7289
7280
-7281
-15
15
-2048
-1
32515
-28676
29123
3640
-7737
7224
-7289
-912
-113
-1
-1
-1
-1
-1
-1
-15361
-1921
-14577
14561
-30948
28899
-29156
29123
3640
-7737
7288
-7281
-911
-15
15
-2048
-1
-2045
32767
-29124
-3641
3640
-7737
7224
-7289
7280
-15474
14449
-242
-31
-1
-1
-15361
-1921
-14577
14561
-30948
28899
-29156
29123
3640
-7737
7288
-7281
-911
-15
15
-2048
-1
-2045
32767
-29124
-3641
3640
-7737
7224
-7289
7280
-15474
14449
-242
-31
-1
-1
-15361
-1921
-14577
14561
-30948
28899
-29156
29123
3640
-7737
7288
-7281
-911
-15
15
-2048
-1
-2045
32767
-29124
-3641
3640
-7737
7224
-7289
7280
-15474
14449
-242
-31
-1
-1
-14337
-1793
-14561
14563
-30948
28899
-29156
29123
3640
-7737
7224
-7289
-911
-15
15
-2048
-1
-4093
32767
-29156
29123
3640
-7737
7224
-7289
7280
-15474
14577
-226
-29
-1
-1
-1
-1
-1
-30721
-3841
-29153
29123
3640
-7737
7224
-7289
7280
-7281
-15
255
-256
-1793
-32765
-28925
29123
3640
-7737
7224
-7289
7280
-15474
-1921
-1
-1
-1
-1
-1
-1
-1
-1
-30721
-3841
-29153
29123
3640
-7737
7224
-7289
7280
-7281
-15
255
-256
-1793
-32765
-28925
29123
3640
-7737
7224
-7289
7280
-15474
-1921
-1
-1
-1
-1
-1
-1
-1
-1
-30721
-3841
-29153
29123
3640
-7737
7224
-7289
7280
-7281
-15
255
-256
-1793
-32765
-28925
29123
3640
-7737
7224
-7289
7280
-15474
-1921
-1
-1
-1
-1
-1
-113
14449
-14578
14561
-30948
28899
-29156
-3641
7736
-7225
7288
-7281
-911
-15
255
-256
-1793
-32737
32515
-29124
-3641
7736
-7225
7288
-7289
7280
-15474
14449
-14578
-1793
-1
-1
-113
14449
-14578
14561
-30948
28899
-29156
-3641
7736
-7225
7288
-7281
-911
-15
255
-256
-1793
-32737
32515
-29124
-3641
7736
-7225
7288
-7289
7280
-15474
14449
-14578
-1793
-1
-1
-113
14449
-14578
14561
-30948
28899
-29156
-3641
7736
-7225
7288
-7281
-911
-15
255
-256
-1793
-32737
32515
-29124
-3641
7736
-7225
7288
-7289
7280
-15474
14449
-14578
-1793
-1
-1
-1
-1
-1
-1
32767
-28676
-3585
-449
-57
8184
-7169
-897
-113
-15
255
-256
-1
-32513
-28925
-3585
-449
-57
8184
-7169
-897
-113
-15
-1
-1
-1
-1
-1
-1
-1
-1
-1
32767
-28676
-3585
-449
-57
8184
-7169
-897
-113
-15
255
-256
-1
-32513
-28925
-3585
-449
-57
8184
-7169
-897
-113
-15
-1
-1
-1
-1
-1
-1
-1
-1
-1
32767
-28676
-3585
-449
-57
8184
-7169
-897
-113
-15
255
-256
-1
-32513
-28925
-3585
-449
-57
8184
-7169
-897
-113
-15
-1
-1
-1
-1
-1
-15361
-1921
-14577
14561
-30948
28899
-29156
29123
3640
-7225
7288
-7281
-911
-15
2047
-16
30975
-28676
32767
-29124
-3641
3640
-7737
7224
-7289
7280
-15474
-1935
-241
-31
-1
-1
-15361
-1921
-14577
14561
-30948
28899
-29156
29123
3640
-7225
7288
-7281
-911
-15
2047
-16
30975
-28676
32767
-29124
-3641
3640
-7737
7224
-7289
7280
-15474
-1935
-241
-31
-1
-1
-15361
-1921
-14577
14561
-30948
28899
-29156
29123
3640
-7225
7288
-7281
-911
-15
2047
-16
30975
-28676
32767
-29124
-3641
3640
-7737
7224
-7289
7280
-15474
-1935
-241
-31
-1
-1
-14337
-1793
-14561
14561
-30948
28899
-29156
29123
3640
-7737
7224
-7289
-912
-15
2047
-16
30975
-28676
32767
-29156
29123
3640
-7737
7224
-7289
7280
-15474
-1807
-225
-29
-1
-1
-1
-1
16383
-30724
28927
-29156
29123
3640
-7737
7224
-7289
7280
-7282
-15
2047
-16
-14337
-29
-28673
29123
3640
-7737
7224
-7289
7280
-15362
-1921
-1
-1
-1
-1
-1
-1
-1
16383
-30724
28927
-29156
29123
3640
-7737
7224
-7289
7280
-7282
-15
2047
-16
-14337
-29
-28673
29123
3640
-7737
7224
-7289
7280
-15362
-1921
-1
-1
-1
-1
-1
-1
-1
16383
-30724
28927
-29156
29123
3640
-7737
7224
-7289
7280
-7282
-15
2047
-16
-14337
-29
-28673
29123
3640
-7737
7224
-7289
7280
-15362
-1921
-1
-1
-1
-1
-897
-113
14449
-14578
14561
-30948
28899
-29156
-3641
7736
-7225
7288
-7281
-911
-15
16383
-2
30975
-28900
29183
-29124
-3641
7736
-7225
7288
-7289
7280
-15474
14449
-14578
-1793
-225
-897
-113
14449
-14578
14561
-30948
28899
-29156
-3641
7736
-7225
7288
-7281
-911
-15
16383
-2
30975
-28900
29183
-29124
-3641
7736
-7225
7288
-7289
7280
-15474
14449
-14578
-1793
-225
-897
-113
14449
-14578
14561
-30948
28899
-29156
-3641
7736
-7225
7288
-7281
-911
-15
16383
-2
30975
-28900
29183
-29124
-3641
7736
-7225
7288
-7289
7280
-15474
14449
-14578
-1793
-225
-1
-1
-1
-1
-1
32739
-28676
-3585
-449
-57
8184
-7169
-897
-113
-15
-1
-1
-29
32739
-28676
-3585
-449
-57
8184
-7169
-897
-113
-15
-1
-1
-1
-1
-1
-1
-1
-1
-1
32739
-28676
-3585
-449
-57
8184
-7169
-897
-113
-15
-1
-1
-29
32739
-28676
-3585
-449
-57
8184
-7169
-897
-113
-15
-1
-1
-1
-1
-1
-1
-1
-1
-1
32739
-28676
-3585
-449
-57
8184
-7169
-897
-113
-15
-1
-1
-29
32739
-28676
-3585
-449
-57
8184
-7169
-897
-113
-15
-1
-1
-1
-1
-1
-15361
14463
-14578
14561
-30948
28899
-29156
29123
3640
-7225
7288
-7281
-911
-15
-1
-1
30947
-28900
29183
-29124
-3641
7736
-7737
7224
-7289
7280
-15474
14449
-242
16353
-4
-1
-15361
14463
-14578
14561
-30948
28899
-29156
29123
3640
-7225
7288
-7281
-911
-15
-1
-1
30947
-28900
29183
-29124
-3641
7736
-7737
7224
-7289
7280
-15474
14449
-242
16353
-4
-1
-15361
14463
-14578
14561
-30948
28899
-29156
29123
3640
-7225
7288
-7281
-911
-15
-1
-1
30947
-28900
29183
-29124
-3641
7736
-7737
7224
-7289
7280
-15474
14449
-242
16353
-4
-1
-14337
14591
-14562
14561
-30948
28899
-29156
29123
3640
-7737
7224
-7289
-911
-15
-1
-1
30947
-28900
29183
-29156
29123
3640
-7737
7224
-7289
7280
-15474
14449
-226
32739
-4
-1
-1
-1
16383
-30724
-3869
-29153
32707
3640
-7681
-968
-7289
8176
-7281
-15
-1
-1
-16157
-1821
-28673
32707
3640
-7681
-968
-7289
8176
-15474
-1921
-241
-1
-1
-1
-1
-1
-1
16383
-30724
-3869
-29153
32707
3640
-7681
-968
-7289
8176
-7281
-15
-1
-1
-16157
-1821
-28673
32707
3640
-7681
-968
-7289
8176
-15474
-1921
-241
-1
-1
-1
-1
-1
-1
16383
-30724
-3869
-29153
32707
3640
-7681
-968
-7289
8176
-7281
-15
-1
-1
-16157
-1821
-28673
32707
3640
-7681
-968
-7289
8176
-15474
-1921
-241
-1
-1
-1
-897
-15473
14449
-14578
14561
-30948
28899
-29156
-3641
7736
-7225
7288
-7281
-911
-1
-1
-1
30947
-28900
29183
-29124
-3641
7736
-7225
7288
-7289
7280
-15474
14449
-14578
-1793
-225
-897
-15473
14449
-14578
14561
-30948
28899
-29156
-3641
7736
-7225
7288
-7281
-911
-1
-1
-1
30947
-28900
29183
-29124
-3641
7736
-7225
7288
-7289
7280
-15474
14449
-14578
-1793
-225
-897
-15473
14449
-14578
14561
-30948
28899
-29156
-3641
7736
-7225
7288
-7281
-911
-1
-1
-1
30947
-28900
29183
-29124
-3641
7736
-7225
7288
-7289
7280
-15474
14449
-14578
-1793
-225
-1
-1
-1
-1
-225
32739
-28676
-3585
-449
-57
8184
-7169
-897
-113
-1
-1
-1
-225
32739
-28676
-3585
-449
-57
8184
-7169
-897
-113
-15
-1
-1
-1
-1
-1
-1
-1
-1
-225
32739
-28676
-3585
-449
-57
8184
-7169
-897
-113
-1
-1
-1
-225
32739
-28676
-3585
-449
-57
8184
-7169
-897
-113
-15
-1
-1
-1
-1
-1
-1
-1
-1
-225
32739
-28676
-3585
-449
-57
8184
-7169
-897
-113
-1
-1
-1
-225
32739
-28676
-3585
-449
-57
8184
-7169
-897
-113
-15
-1
-1
-1
-1
8191
-15362
14463
-14578
14561
-30948
28899
-29156
29123
3640
-7225
7288
-7281
15473
-114
-1
-1
32543
-28900
29183
-29124
-3641
3640
-7737
7224
-7289
7280
-15474
14449
-242
-31
-1
8191
-15362
14463
-14578
14561
-30948
28899
-29156
29123
3640
-7225
7288
-7281
15473
-114
-1
-1
32543
-28900
29183
-29124
-3641
3640
-7737
7224
-7289
7280
-15474
14449
-242
-31
-1
8191
-15362
14463
-14578
14561
-30948
28899
-29156
29123
3640
-7225
7288
-7281
15473
-114
-1
-1
32543
-28900
29183
-29124
-3641
3640
-7737
7224
-7289
7280
-15474
14449
-242
-31
-1
16383
-14338
14591
-14562
14561
-30948
28899
-29156
29123
3640
-7737
7224
-7289
15473
-114
-1
-1
32543
-28900
29183
-29124
29123
3640
-7737
7224
-7289
7280
-15474
14449
-226
-29
-1
-1
-1
-1
16383
-30724
-3841
-481
32707
4088
-7681
-961
-121
8176
-7169
-113
-1
-1
-14561
-1793
-1
32739
4088
-7681
-961
-121
8176
-15362
-1921
-241
-1
-1
-1
-1
-1
-1
16383
-30724
-3841
-481
32707
4088
-7681
-961
-121
8176
-7169
-113
-1
-1
-14561
-1793
-1
32739
4088
-7681
-961
-121
8176
-15362
-1921
-241
-1
-1
-1
-1
-1
-1
16383
-30724
-3841
-481
32707
4088
-7681
-961
-121
8176
-7169
-113
-1
-1
-14561
-1793
-1
32739
4088
-7681
-961
-121
8176
-15362
-1921
-241
-1
-1
-1
-897
-113
14449
-14578
14561
-30948
28899
-29124
-3641
7736
-7225
7288
-7281
15473
-114
-1
-1
32543
-28900
29183
-29124
-3641
7736
-7225
7288
-7289
7280
-15474
14449
-14578
-1823
-225
-897
-113
14449
-14578
14561
-30948
28899
-29124
-3641
7736
-7225
7288
-7281
15473
-114
-1
-1
32543
-28900
29183
-29124
-3641
7736
-7225
7288
-7289
7280
-15474
14449
-14578
-1823
-225
-897
-113
14449
-14578
14561
-30948
28899
-29124
-3641
7736
-7225
7288
-7281
15473
-114
-1
-1
32543
-28900
29183
-29124
-3641
7736
-7225
7288
-7289
7280
-15474
14449
-14578
-1823
-225
-1
-1
-1
-1
-1
-29
-28673
-1
-449
-1
-8
-7169
-1
-113
-113
-1
-1
-225
-29
-28673
-1
-449
-1
-8
-7169
-1
-113
16383
-2
-1
-1
-1
-1
-1
-1
-1
-1
-29
-28673
-1
-449
-1
-8
-7169
-1
-113
-113
-1
-1
-225
-29
-28673
-1
-449
-1
-8
-7169
-1
-113
16383
-2
-1
-1
-1
-1
-1
-1
-1
-1
-29
-28673
-1
-449
-1
-8
-7169
-1
-113
-113
-1
-1
-225
-29
-28673
-1
-449
-1
-8
-7169
-1
-113
16383
-2
-1
-1
-1
8176
-15362
14463
-14578
14561
-30948
28899
-29156
29123
7736
-7225
7288
-7281
15473
-114
-1
-1
32543
-28900
29183
-29124
-3641
7736
-7737
7224
-7289
7280
-15474
14449
-242
16353
-4
8176
-15362
14463
-14578
14561
-30948
28899
-29156
29123
7736
-7225
7288
-7281
15473
-114
-1
-1
32543
-28900
29183
-29124
-3641
7736
-7737
7224
-7289
7280
-15474
14449
-242
16353
-4
8176
-15362
14463
-14578
14561
-30948
28899
-29156
29123
7736
-7225
7288
-7281
15473
-114
-1
-1
32543
-28900
29183
-29124
-3641
7736
-7737
7224
-7289
7280
-15474
14449
-242
16353
-4
16369
-14338
14591
-14578
14561
-30948
28899
-29156
29123
3640
-7737
7224
-7281
15473
-114
-1
-1
32543
-28900
29183
-29124
29123
3640
-7737
7224
-7289
7280
-15474
14449
-242
32739
-4
-1
-1
-1
16353
-30724
-3841
-481
32707
4088
-7681
-961
-121
8184
-7169
-113
-1
-1
-14561
-1793
-1
32739
4088
-7681
-961
-121
8176
-15362
-1921
-241
-31
-1
-1
-1
-1
-1
16353
-30724
-3841
-481
32707
4088
-7681
-961
-121
8184
-7169
-113
-1
-1
-14561
-1793
-1
32739
4088
-7681
-961
-121
8176
-15362
-1921
-241
-31
-1
-1
-1
-1
-1
16353
-30724
-3841
-481
32707
4088
-7681
-961
-121
8184
-7169
-113
-1
-1
-14561
-1793
-1
32739
4088
-7681
-961
-121
8176
-15362
-1921
-241
-31
-1
-1
-897
-15473
14449
-14578
14561
-30948
29155
-29124
-3641
7736
-7225
7288
-7281
15473
-114
-1
-1
32543
-28900
29183
-29124
-3641
7736
-7225
7288
-7289
7280
-15474
14449
-14578
14561
-228
-897
-15473
14449
-14578
14561
-30948
29155
-29124
-3641
7736
-7225
7288
-7281
15473
-114
-1
-1
32543
-28900
29183
-29124
-3641
7736
-7225
7288
-7289
7280
-15474
14449
-14578
14561
-228
-897
-15473
14449
-14578
14561
-30948
29155
-29124
-3641
7736
-7225
7288
-7281
15473
-114
-1
-1
32543
-28900
29183
-29124
-3641
7736
-7225
7288
-7289
7280
-15474
14449
-14578
14561
-228
-1
-1
-1
-1
-1
-1
-1
-1
-1
-1
-1
-1
-1
-1
-15
-1
-1
30975
-4
-1
-1
-1
-1
-1
-1
-1
-1
-1
-1
-1
-1
-1
-1
-1
-1
-1
-1
-1
-1
-1
-1
-1
-1
-1
-1
-1
-15
-1
-1
30975
-4
-1
-1
-1
-1
-1
-1
-1
-1
-1
-1
-1
-1
-1
-1
-1
-1
-1
-1
-1
-1
-1
-1
-1
-1
-1
-1
-1
-15
-1
-1
30975
-4
-1
-1
-1
-1
-1
-1
-1
-1
-1
-1
-1
-1
-1
8191
-15362
14449
-14578
14561
-30948
28899
-29156
29123
7736
-7225
7288
-7281
-911
-15
-1
-1
30975
-28900
29183
-29124
-3641
7736
-7225
7224
-7289
7280
-15474
14449
-14578
16353
-30724
8191
-15362
14449
-14578
14561
-30948
28899
-29156
29123
7736
-7225
7288
-7281
-911
-15
-1
-1
30975
-28900
29183
-29124
-3641
7736
-7225
7224
-7289
7280
-15474
14449
-14578
16353
-30724
8191
-15362
14449
-14578
14561
-30948
28899
-29156
29123
7736
-7225
7288
-7281
-911
-15
-1
-1
30975
-28900
29183
-29124
-3641
7736
-7225
7224
-7289
7280
-15474
14449
-14578
16353
-30724
16383
-14338
14577
-14562
30945
-30948
29155
-29156
29127
7736
-7737
7288
-7281
-911
-15
-1
-1
30975
-28900
29183
-29124
29127
7736
-7737
7288
-7289
7281
-14450
14449
-14562
32739
-28676
-1
-1
-1
16383
-4
-3841
-1
-61
4095
-1
-961
-1
-8
-7169
-15
-1
-1
-1793
-1793
-1
-29
4095
-1
-961
-1
-16
-15361
-1
-241
-1
-1
-1
-1
-1
-1
16383
-4
-3841
-1
-61
4095
-1
-961
-1
-8
-7169
-15
-1
-1
-1793
-1793
-1
-29
4095
-1
-961
-1
-16
-15361
-1
-241
-1
-1
-1
-1
-1
-1
16383
-4
-3841
-1
-61
4095
-1
-961
-1
-8
-7169
-15
-1
-1
-1793
-1793
-1
-29
4095
-1
-961
-1
-16
-15361
-1
-241
-1
-1
-1
7295
-15474
14449
-14578
14561
-30948
28899
-29124
-3641
7736
-7225
7288
-7281
15473
-16
-1
-1
-16129
-28897
29183
-29124
-3641
7736
-7225
7288
-7289
7280
-15474
14449
-14578
-1823
-225
7295
-15474
14449
-14578
14561
-30948
28899
-29124
-3641
7736
-7225
7288
-7281
15473
-16
-1
-1
-16129
-28897
29183
-29124
-3641
7736
-7225
7288
-7289
7280
-15474
14449
-14578
-1823
-225
7295
-15474
14449
-14578
14561
-30948
28899
-29124
-3641
7736
-7225
7288
-7281
15473
-16
-1
-1
-16129
-28897
29183
-29124
-3641
7736
-7225
7288
-7289
7280
-15474
14449
-14578
-1823
-225
-1
-1
-1
-1
-1
-1
-1
-1
-1
-1
-1
-1
-1
16383
-16
-1
-1
-16129
-1
-1
-1
-1
-1
-1
-1
-1
-1
-1
-1
-1
-1
-1
-1
-1
-1
-1
-1
-1
-1
-1
-1
-1
-1
-1
-1
16383
-16
-1
-1
-16129
-1
-1
-1
-1
-1
-1
-1
-1
-1
-1
-1
-1
-1
-1
-1
-1
-1
-1
-1
-1
-1
-1
-1
-1
-1
-1
-1
16383
-16
-1
-1
-16129
-1
-1
-1
-1
-1
-1
-1
-1
-1
-1
-1
-1
-1
-1
8176
-15474
14449
-14578
14561
-30948
28899
-29156
29123
3640
-7737
7224
-7289
15472
-128
-1
-1
-16381
-30945
29183
-29156
29123
3640
-7737
7224
-7289
7280
-15474
14449
-14578
14561
-30724
8176
-15474
14449
-14578
14561
-30948
28899
-29156
29123
3640
-7737
7224
-7289
15472
-128
-1
-1
-16381
-30945
29183
-29156
29123
3640
-7737
7224
-7289
7280
-15474
14449
-14578
14561
-30724
8176
-15474
14449
-14578
14561
-30948
28899
-29156
29123
3640
-7737
7224
-7289
15472
-128
-1
-1
-16381
-30945
29183
-29156
29123
3640
-7737
7224
-7289
7280
-15474
14449
-14578
14561
-30724
16369
-14450
14577
-14562
30947
-30948
29155
-29156
29127
7736
-7737
7288
-7289
15473
-128
-1
-1
-16381
-30945
29183
-29156
29127
7736
-7737
7288
-7289
7281
-14450
14577
-14562
30947
-28676
-113
16369
-14338
-1793
-225
28899
-28676
-3645
3647
-57
7224
-7169
-912
-7281
15
-2
2047
-2
28899
-28676
-3645
3647
-57
7224
-7169
-912
-15473
16369
-14338
-1793
-225
32739
-113
16369
-14338
-1793
-225
28899
-28676
-3645
3647
-57
7224
-7169
-912
-7281
15
-2
2047
-2
28899
-28676
-3645
3647
-57
7224
-7169
-912
-15473
16369
-14338
-1793
-225
32739
-113
16369
-14338
-1793
-225
28899
-28676
-3645
3647
-57
7224
-7169
-912
-7281
15
-2
2047
-2
28899
-28676
-3645
3647
-57
7224
-7169
-912
-15473
16369
-14338
-1793
-225
32739
7280
-15488
113
-14578
14337
1820
28896
-32740
29123
3584
455
7224
-8185
7280
-128
-1
-1
14367
1820
29180
-32740
29123
3584
455
7224
-8185
7280
-15488
113
-14578
14337
1820
7280
-15488
113
-14578
14337
1820
28896
-32740
29123
3584
455
7224
-8185
7280
-128
-1
-1
14367
1820
29180
-32740
29123
3584
455
7224
-8185
7280
-15488
113
-14578
14337
1820
7280
-15488
113
-14578
14337
1820
28896
-32740
29123
3584
455
7224
-8185
7280
-128
-1
-1
14367
1820
29180
-32740
29123
3584
455
7224
-8185
7280
-15488
113
-14578
14337
1820
-15474
14449
-14578
14561
-30948
28899
-29156
29123
3640
-7737
7224
-7289
7280
-15474
14449
-14578
14561
-30948
28899
-29156
29123
3640
-7737
7224
-7289
7280
-15474
14449
-14578
14561
-30948
28899
-15474
14449
-14578
14561
-30948
28899
-29156
29123
3640
-7737
7224
-7289
7280
-15474
14449
-14578
14561
-30948
28899
-29156
29123
3640
-7737
7224
-7289
7280
-15474
14449
-14578
14561
-30948
28899
-15474
14449
-14578
14561
-30948
28899
-29156
29123
3640
-7737
7224
-7289
7280
-15474
14449
-14578
14561
-30948
28899
-29156
29123
3640
-7737
7224
-7289
7280
-15474
14449
-14578
14561
-30948
28899
0
0
0
0
0
0
0
0
0
0
0
0
0
0
0
0
0
0
0
0
0
0
0
0
0
0
0
0
0
0
0
0
0
0
0
0
0
0
0
0
0
0
0
0
0
0
0
0
0
0
0
0
0
0
0
0
0
0
0
0
0
0
0
0
0
0
0
0
0
0
0
0
0
0
0
0
0
0
0
0
0
0
0
0
0
0
0
0
0
0
0
0
0
0
0
0
0
0
0
0
0
0
0
0
0
0
0
0
0
0
0
0
0
0
0
0
0
0
0
0
0
0
0
0
0
0
0
0
-16370
14337
1792
224
-32740
28675
3584
448
56
-8185
7168
896
112
-16370
14337
1792
224
-32740
28675
3584
448
56
-8185
7168
896
112
-16370
14337
1792
224
-32740
28675
-16370
14337
1792
224
-32740
28675
3584
448
56
-8185
7168
896
112
-16370
14337
1792
224
-32740
28675
3584
448
56
-8185
7168
896
112
-16370
14337
1792
224
-32740
28675
-16370
14337
1792
224
-32740
28675
3584
448
56
-8185
7168
896
112
-16370
14337
1792
224
-32740
28675
3584
448
56
-8185
7168
896
112
-16370
14337
1792
224
-32740
28675
0
0
0
0
0
0
0
0
0
0
0
0
0
0
0
0
0
0
0
0
0
0
0
0
0
0
0
0
0
0
0
0
0
0
0
0
0
0
0
0
0
0
0
0
0
0
0
0
0
0
0
0
0
0
0
0
0
0
0
0
0
0
0
0
0
0
0
0
0
0
0
0
0
0
0
0
0
0
0
0
0
0
0
0
0
0
0
0
0
0
0
0
0
0
0
0
-15474
14449
-14578
14561
-30948
28899
-29156
29123
3640
-7737
7224
-7289
7280
-15474
14449
-14578
14561
-30948
28899
-29156
29123
3640
-7737
7224
-7289
7280
-15474
14449
-14578
14561
-30948
28899
-15474
14449
-14578
14561
-30948
28899
-29156
29123
3640
-7737
7224
-7289
7280
-15474
14449
-14578
14561
-30948
28899
-29156
29123
3640
-7737
7224
-7289
7280
-15474
14449
-14578
14561
-30948
28899
-15474
14449
-14578
14561
-30948
28899
-29156
29123
3640
-7737
7224
-7289
7280
-15474
14449
-14578
14561
-30948
28899
-29156
29123
3640
-7737
7224
-7289
7280
-15474
14449
-14578
14561
-30948
28899
